<><><><><><><><> 
SIBR - FFA/LOC/PPA LOCALIZER 
Matlab version  9.5.0.944444 (R2018b) 
Begin: 15-Jul-2019 15:53:10 
SubjID: yw 
Run Number:  
TR: 2.000000 
Total Blocks: 15 
<><><><><><><><> 
<><><><><><><><> 
Script Start ::  15-Jul-2019 15:53:11 
Trial No.	Block	Face(1)/Object(2)/Scenes(3)/Scrambled(4)	Trial	TR	Stim No.	Presentation Time(s)	StimEndTime(s)	TrialEndTime(s)	Response	Correct?	RT(ms)	<><><><><><><><>
1	1	1	1	6	13	12.02	12.79	12.99	-1	0	768.10
2	1	1	2	6	32	12.83	13.79	13.99	-1	0	964.63
3	1	1	3	7	7	13.82	14.79	14.99	-1	0	968.17
4	1	1	4	7	41	14.82	15.79	15.99	-1	0	969.64
5	1	1	5	8	41	15.82	16.79	16.99	-1	0	969.24
6	1	1	6	8	69	16.81	17.79	17.99	1	0	240.77
7	1	1	7	9	35	17.81	18.79	18.99	0	1	 0.13
8	1	1	8	9	50	18.81	19.79	19.99	-1	0	976.68
9	1	1	9	10	54	19.82	20.79	20.99	-1	0	975.72
10	1	1	10	10	64	20.82	21.79	21.99	-1	0	974.99
11	1	1	11	11	51	21.82	22.79	22.99	-1	0	975.13
12	1	1	12	11	16	22.82	23.79	23.99	-1	0	973.16
13	1	1	13	12	22	23.82	24.79	24.99	-1	0	972.43
14	1	1	14	12	34	24.82	25.79	25.99	-1	0	971.95
15	1	1	15	13	40	25.82	26.79	26.99	-1	0	971.51
16	1	1	16	13	40	26.82	27.79	27.99	-1	0	970.10
17	2	2	1	17	58	33.84	34.79	34.99	-1	0	952.61
18	2	2	2	17	25	34.82	35.79	35.99	-1	0	975.76
19	2	2	3	18	50	35.82	36.79	36.99	-1	0	974.30
20	2	2	4	18	1	36.81	37.79	37.99	-1	0	979.05
21	2	2	5	19	1	37.81	38.79	38.99	-1	0	977.84
22	2	2	6	19	43	38.81	39.79	39.99	-1	0	977.62
23	2	2	7	20	60	39.82	40.79	40.99	-1	0	976.35
24	2	2	8	20	37	40.82	41.79	41.99	-1	0	975.58
25	2	2	9	21	41	41.82	42.79	42.99	-1	0	973.94
26	2	2	10	21	29	42.82	43.79	43.99	-1	0	973.43
27	2	2	11	22	6	43.82	44.79	44.99	-1	0	973.60
28	2	2	12	22	28	44.82	45.79	45.99	-1	0	973.07
29	2	2	13	23	24	45.82	46.79	46.99	-1	0	971.14
30	2	2	14	23	24	46.82	47.79	47.99	-1	0	970.29
31	2	2	15	24	16	47.82	48.79	48.99	-1	0	969.29
32	2	2	16	24	22	48.82	49.79	49.99	-1	0	966.99
33	3	3	1	28	74	55.84	56.79	56.99	-1	0	953.14
34	3	3	2	28	12	56.81	57.79	57.99	-1	0	979.09
35	3	3	3	29	51	57.81	58.79	58.99	-1	0	978.84
36	3	3	4	29	51	58.81	59.79	59.99	-1	0	977.66
37	3	3	5	30	19	59.81	60.79	60.99	-1	0	977.60
38	3	3	6	30	56	60.81	61.79	61.99	-1	0	977.27
39	3	3	7	31	18	61.82	62.79	62.99	-1	0	974.80
40	3	3	8	31	48	62.82	63.79	63.99	-1	0	974.44
41	3	3	9	32	76	63.82	64.79	64.99	-1	0	973.67
42	3	3	10	32	2	64.82	65.79	65.99	-1	0	972.61
43	3	3	11	33	79	65.82	66.79	66.99	-1	0	971.95
44	3	3	12	33	59	66.82	67.79	67.99	-1	0	971.32
45	3	3	13	34	59	67.82	68.79	68.99	-1	0	970.11
46	3	3	14	34	30	68.82	69.79	69.99	-1	0	971.26
47	3	3	15	35	39	69.84	70.79	70.99	-1	0	954.71
48	3	3	16	35	24	70.82	71.79	71.99	-1	0	968.52
49	4	4	1	39	24	77.84	78.79	78.99	-1	0	953.66
50	4	4	2	39	22	78.81	79.79	79.99	-1	0	978.42
51	4	4	3	40	64	79.81	80.79	80.99	-1	0	977.60
52	4	4	4	40	57	80.82	81.79	81.99	-1	0	976.55
53	4	4	5	41	29	81.81	82.79	82.99	-1	0	976.39
54	4	4	6	41	27	82.82	83.79	83.99	-1	0	975.13
55	4	4	7	42	58	83.82	84.79	84.99	-1	0	973.42
56	4	4	8	42	1	84.82	85.79	85.99	-1	0	972.80
57	4	4	9	43	71	85.82	86.79	86.99	-1	0	972.80
58	4	4	10	43	63	86.82	87.79	87.99	-1	0	971.44
59	4	4	11	44	63	87.82	88.79	88.99	-1	0	970.98
60	4	4	12	44	61	88.84	89.79	89.99	-1	0	954.01
61	4	4	13	45	34	89.82	90.79	90.99	-1	0	969.57
62	4	4	14	45	34	90.82	91.79	91.99	-1	0	968.67
63	4	4	15	46	33	91.82	92.79	92.99	-1	0	968.36
64	4	4	16	46	50	92.82	93.79	93.99	-1	0	971.86
65	5	1	1	50	28	99.83	100.79	100.99	-1	0	960.96
66	5	1	2	50	26	100.81	101.79	101.99	-1	0	978.01
67	5	1	3	51	42	101.81	102.79	102.99	-1	0	976.77
68	5	1	4	51	47	102.82	103.79	103.99	-1	0	975.12
69	5	1	5	52	65	103.82	104.79	104.99	-1	0	975.12
70	5	1	6	52	67	104.82	105.79	105.99	-1	0	973.84
71	5	1	7	53	17	105.82	106.79	106.99	-1	0	972.31
72	5	1	8	53	77	106.82	107.79	107.99	-1	0	972.73
73	5	1	9	54	77	107.82	108.79	108.99	-1	0	971.91
74	5	1	10	54	49	108.82	109.79	109.99	-1	0	971.55
75	5	1	11	55	49	109.82	110.79	110.99	-1	0	970.10
76	5	1	12	55	46	110.82	111.79	111.99	-1	0	969.63
77	5	1	13	56	23	111.82	112.79	112.99	-1	0	967.86
78	5	1	14	56	27	112.82	113.79	113.99	-1	0	972.60
79	5	1	15	57	38	113.81	114.79	114.99	-1	0	978.82
80	5	1	16	57	59	114.81	115.79	115.99	-1	0	978.45
81	6	2	1	61	61	121.83	122.79	122.99	-1	0	958.83
82	6	2	2	61	46	122.82	123.79	123.99	-1	0	976.09
83	6	2	3	62	31	123.82	124.79	124.99	-1	0	974.46
84	6	2	4	62	67	124.82	125.79	125.99	-1	0	975.25
85	6	2	5	63	5	125.82	126.79	126.99	-1	0	973.47
86	6	2	6	63	51	126.82	127.79	127.99	-1	0	972.89
87	6	2	7	64	51	127.82	128.79	128.99	-1	0	972.71
88	6	2	8	64	26	128.82	129.79	129.99	-1	0	972.07
89	6	2	9	65	69	129.84	130.79	130.99	-1	0	955.05
90	6	2	10	65	8	130.82	131.79	131.99	-1	0	970.35
91	6	2	11	66	2	131.82	132.79	132.99	-1	0	968.43
92	6	2	12	66	32	132.82	133.79	133.99	-1	0	973.04
93	6	2	13	67	66	133.81	134.79	134.99	-1	0	979.27
94	6	2	14	67	66	134.81	135.79	135.99	-1	0	978.81
95	6	2	15	68	45	135.81	136.79	136.99	-1	0	976.34
96	6	2	16	68	39	136.82	137.79	137.99	-1	0	967.83
97	7	3	1	72	60	143.83	144.79	144.99	-1	0	958.09
98	7	3	2	72	49	144.82	145.79	145.99	-1	0	974.03
99	7	3	3	73	75	145.82	146.79	146.99	-1	0	973.88
100	7	3	4	73	71	146.82	147.79	147.99	-1	0	973.11
101	7	3	5	74	71	147.82	148.79	148.99	-1	0	972.68
102	7	3	6	74	15	148.82	149.79	149.99	-1	0	971.66
103	7	3	7	75	15	149.82	150.79	150.99	-1	0	971.29
104	7	3	8	75	77	150.82	151.79	151.99	-1	0	970.67
105	7	3	9	76	23	151.82	152.79	152.99	-1	0	969.25
106	7	3	10	76	52	152.82	153.79	153.99	-1	0	973.63
107	7	3	11	77	68	153.81	154.79	154.99	-1	0	980.85
108	7	3	12	77	63	154.81	155.79	155.99	-1	0	979.22
109	7	3	13	78	26	155.81	156.79	156.99	-1	0	978.61
110	7	3	14	78	61	156.81	157.79	157.99	-1	0	976.52
111	7	3	15	79	78	157.81	158.79	158.99	-1	0	976.58
112	7	3	16	79	64	158.82	159.79	159.99	-1	0	976.17
113	8	4	1	83	10	165.82	166.79	166.99	-1	0	973.32
114	8	4	2	83	10	166.82	167.79	167.99	-1	0	973.55
115	8	4	3	84	55	167.82	168.79	168.99	-1	0	973.96
116	8	4	4	84	49	168.82	169.79	169.99	-1	0	972.54
117	8	4	5	85	21	169.83	170.79	170.99	-1	0	956.97
118	8	4	6	85	12	170.82	171.79	171.99	-1	0	970.37
119	8	4	7	86	28	171.82	172.79	172.99	-1	0	969.09
120	8	4	8	86	3	172.82	173.79	173.99	-1	0	974.52
121	8	4	9	87	37	173.81	174.79	174.99	-1	0	978.22
122	8	4	10	87	37	174.81	175.79	175.99	-1	0	978.08
123	8	4	11	88	16	175.81	176.79	176.99	-1	0	979.44
124	8	4	12	88	9	176.81	177.79	177.99	-1	0	977.16
125	8	4	13	89	52	177.81	178.79	178.99	-1	0	977.79
126	8	4	14	89	73	178.81	179.79	179.99	-1	0	977.23
127	8	4	15	90	25	179.81	180.79	180.99	-1	0	977.68
128	8	4	16	90	69	180.81	181.79	181.99	-1	0	979.98
129	9	1	1	94	25	187.83	188.79	188.99	-1	0	956.57
130	9	1	2	94	25	188.82	189.79	189.99	-1	0	972.65
131	9	1	3	95	61	189.82	190.79	190.99	-1	0	972.13
132	9	1	4	95	8	190.82	191.79	191.99	-1	0	971.20
133	9	1	5	96	60	191.82	192.79	192.99	1	0	248.79
134	9	1	6	96	78	192.82	193.79	193.99	-1	0	974.21
135	9	1	7	97	33	193.81	194.79	194.99	-1	0	979.46
136	9	1	8	97	24	194.81	195.79	195.99	-1	0	977.77
137	9	1	9	98	12	195.81	196.79	196.99	-1	0	977.30
138	9	1	10	98	29	196.81	197.79	197.99	-1	0	977.49
139	9	1	11	99	9	197.81	198.79	198.99	-1	0	977.89
140	9	1	12	99	11	198.81	199.79	199.99	-1	0	976.61
141	9	1	13	100	11	199.81	200.79	200.99	-1	0	977.99
142	9	1	14	100	57	200.81	201.79	201.99	-1	0	979.45
143	9	1	15	101	44	201.81	202.79	202.99	-1	0	978.80
144	9	1	16	101	6	202.81	203.79	203.99	-1	0	977.34
145	10	2	1	105	18	209.82	210.79	210.99	-1	0	971.87
146	10	2	2	105	11	210.82	211.79	211.99	-1	0	971.38
147	10	2	3	106	11	211.82	212.79	212.99	-1	0	970.87
148	10	2	4	106	13	212.81	213.79	213.99	-1	0	980.39
149	10	2	5	107	35	213.81	214.79	214.99	-1	0	981.04
150	10	2	6	107	17	214.81	215.79	215.99	-1	0	978.02
151	10	2	7	108	4	215.81	216.79	216.99	-1	0	978.74
152	10	2	8	108	79	216.81	217.79	217.99	-1	0	977.63
153	10	2	9	109	7	217.81	218.79	218.99	-1	0	980.03
154	10	2	10	109	9	218.81	219.79	219.99	-1	0	980.10
155	10	2	11	110	64	219.81	220.79	220.99	-1	0	978.77
156	10	2	12	110	30	220.81	221.79	221.99	-1	0	979.48
157	10	2	13	111	30	221.81	222.79	222.99	-1	0	979.23
158	10	2	14	111	19	222.81	223.79	223.99	-1	0	978.07
159	10	2	15	112	49	223.81	224.79	224.99	-1	0	977.25
160	10	2	16	112	70	224.82	225.79	225.99	-1	0	976.58
161	11	3	1	116	66	231.83	232.79	232.99	-1	0	958.61
162	11	3	2	116	31	232.81	233.79	233.99	-1	0	980.09
163	11	3	3	117	73	233.81	234.79	234.99	-1	0	981.70
164	11	3	4	117	9	234.81	235.79	235.99	-1	0	980.04
165	11	3	5	118	67	235.81	236.79	236.99	-1	0	979.10
166	11	3	6	118	27	236.81	237.79	237.99	-1	0	979.24
167	11	3	7	119	27	237.81	238.79	238.99	-1	0	979.14
168	11	3	8	119	25	238.81	239.79	239.99	-1	0	980.89
169	11	3	9	120	13	239.81	240.79	240.99	-1	0	980.67
170	11	3	10	120	72	240.81	241.79	241.99	-1	0	980.57
171	11	3	11	121	53	241.81	242.79	242.99	-1	0	979.51
172	11	3	12	121	10	242.81	243.79	243.99	-1	0	978.27
173	11	3	13	122	22	243.81	244.79	244.99	-1	0	978.15
174	11	3	14	122	22	244.81	245.79	245.99	-1	0	977.61
175	11	3	15	123	3	245.82	246.79	246.99	-1	0	976.01
176	11	3	16	123	21	246.82	247.79	247.99	-1	0	975.60
177	12	4	1	127	20	253.82	254.79	254.99	-1	0	969.88
178	12	4	2	127	40	254.81	255.79	255.99	-1	0	980.05
179	12	4	3	128	19	255.81	256.79	256.99	-1	0	981.33
180	12	4	4	128	47	256.81	257.79	257.99	-1	0	980.40
181	12	4	5	129	41	257.81	258.79	258.99	-1	0	980.45
182	12	4	6	129	75	258.81	259.79	259.99	-1	0	980.71
183	12	4	7	130	68	259.81	260.79	260.99	-1	0	981.43
184	12	4	8	130	60	260.81	261.79	261.99	-1	0	980.62
185	12	4	9	131	43	261.81	262.79	262.99	-1	0	979.67
186	12	4	10	131	62	262.81	263.79	263.99	-1	0	979.00
187	12	4	11	132	62	263.81	264.79	264.99	-1	0	978.48
188	12	4	12	132	51	264.81	265.79	265.99	-1	0	978.35
189	12	4	13	133	5	265.81	266.79	266.99	-1	0	976.35
190	12	4	14	133	80	266.81	267.79	267.99	-1	0	976.93
191	12	4	15	134	80	267.82	268.79	268.99	-1	0	975.47
192	12	4	16	134	7	268.83	269.79	269.99	-1	0	958.86
