<><><><><><><><> 
FFA/LOC/PPA LOCALIZER 
Matlab version  9.6.0.1072779 (R2019a) 
Begin: 26-Sep-2019 16:06:04 
SubjID: 0790 
Run Number: 1 
TR: 2.000000 
Total Blocks: 15 
<><><><><><><><> 
<><><><><><><><> 
Script Start ::  26-Sep-2019 16:06:04 
Trial No.	Block	Face(1)/Object(2)/Scenes(3)/Scrambled(4)	Trial	TR	Stim No.	Presentation Time(s)	StimEndTime(s)	TrialEndTime(s)	Response	Correct?	RT(ms)	<><><><><><><><>
1	1	1	1	6	73	12.01	12.79	12.99	-1	1	780.47
2	1	1	2	6	58	12.83	13.79	13.99	-1	1	963.78
3	1	1	3	7	38	13.83	14.79	14.99	-1	1	963.75
4	1	1	4	7	48	14.83	15.79	15.99	-1	1	964.73
5	1	1	5	8	56	15.83	16.79	16.99	-1	1	964.50
6	1	1	6	8	12	16.83	17.79	17.99	-1	1	964.22
7	1	1	7	9	13	17.83	18.79	18.99	-1	1	964.77
8	1	1	8	9	37	18.83	19.79	19.99	-1	1	964.37
9	1	1	9	10	29	19.83	20.79	20.99	-1	1	964.76
10	1	1	10	10	45	20.83	21.79	21.99	-1	1	965.53
11	1	1	11	11	71	21.83	22.79	22.99	-1	1	965.24
12	1	1	12	11	71	22.83	23.79	23.99	-1	0	964.43
13	1	1	13	12	44	23.83	24.79	24.99	-1	1	965.53
14	1	1	14	12	46	24.83	25.79	25.99	-1	1	965.58
15	1	1	15	13	35	25.83	26.79	26.99	-1	1	965.86
16	1	1	16	13	35	26.83	27.79	27.99	-1	0	965.16
17	2	2	1	17	41	33.84	34.79	34.99	-1	1	952.63
18	2	2	2	17	23	34.82	35.79	35.99	-1	1	967.20
19	2	2	3	18	24	35.82	36.79	36.99	-1	1	967.14
20	2	2	4	18	18	36.82	37.79	37.99	-1	1	966.55
21	2	2	5	19	3	37.82	38.79	38.99	-1	1	967.31
22	2	2	6	19	70	38.82	39.79	39.99	-1	1	967.03
23	2	2	7	20	67	39.82	40.79	40.99	-1	1	967.33
24	2	2	8	20	47	40.82	41.79	41.99	-1	1	967.26
25	2	2	9	21	47	41.82	42.79	42.99	-1	0	967.40
26	2	2	10	21	48	42.82	43.79	43.99	-1	1	967.70
27	2	2	11	22	10	43.82	44.79	44.99	-1	1	968.03
28	2	2	12	22	58	44.82	45.79	45.99	-1	1	968.04
29	2	2	13	23	28	45.82	46.79	46.99	-1	1	967.92
30	2	2	14	23	28	46.82	47.79	47.99	-1	0	967.94
31	2	2	15	24	43	47.82	48.79	48.99	-1	1	967.16
32	2	2	16	24	6	48.82	49.79	49.99	-1	1	968.18
33	3	3	1	28	47	55.84	56.79	56.99	-1	1	955.56
34	3	3	2	28	80	56.82	57.79	57.99	-1	1	969.37
35	3	3	3	29	14	57.82	58.79	58.99	-1	1	968.86
36	3	3	4	29	26	58.82	59.79	59.99	-1	1	969.07
37	3	3	5	30	39	59.82	60.79	60.99	-1	1	969.64
38	3	3	6	30	42	60.82	61.79	61.99	-1	1	969.65
39	3	3	7	31	51	61.82	62.79	62.99	-1	1	969.85
40	3	3	8	31	51	62.82	63.79	63.99	-1	0	969.87
41	3	3	9	32	58	63.82	64.79	64.99	-1	1	969.65
42	3	3	10	32	30	64.82	65.79	65.99	-1	1	970.22
43	3	3	11	33	64	65.82	66.79	66.99	-1	1	969.48
44	3	3	12	33	64	66.82	67.79	67.99	-1	0	970.00
45	3	3	13	34	4	67.82	68.79	68.99	-1	1	969.45
46	3	3	14	34	37	68.82	69.79	69.99	-1	1	969.66
47	3	3	15	35	53	69.82	70.79	70.99	-1	1	970.35
48	3	3	16	35	2	70.82	71.79	71.99	-1	1	970.49
49	4	4	1	39	45	77.83	78.79	78.99	-1	1	957.78
50	4	4	2	39	36	78.82	79.79	79.99	-1	1	970.74
51	4	4	3	40	20	79.82	80.79	80.99	-1	1	971.96
52	4	4	4	40	1	80.82	81.79	81.99	-1	1	972.21
53	4	4	5	41	79	81.82	82.79	82.99	-1	1	972.49
54	4	4	6	41	79	82.82	83.79	83.99	-1	0	971.93
55	4	4	7	42	68	83.82	84.79	84.99	-1	1	972.13
56	4	4	8	42	23	84.82	85.79	85.99	-1	1	972.75
57	4	4	9	43	78	85.82	86.79	86.99	-1	1	971.91
58	4	4	10	43	74	86.82	87.79	87.99	-1	1	972.43
59	4	4	11	44	61	87.82	88.79	88.99	-1	1	971.71
60	4	4	12	44	61	88.82	89.79	89.99	-1	0	972.49
61	4	4	13	45	53	89.82	90.79	90.99	-1	1	972.46
62	4	4	14	45	44	90.82	91.79	91.99	-1	1	972.87
63	4	4	15	46	58	91.82	92.79	92.99	-1	1	973.03
64	4	4	16	46	48	92.82	93.79	93.99	-1	1	973.07
65	5	1	1	50	59	99.83	100.79	100.99	-1	1	960.49
66	5	1	2	50	77	100.82	101.79	101.99	-1	1	973.96
67	5	1	3	51	31	101.82	102.79	102.99	-1	1	974.30
68	5	1	4	51	5	102.82	103.79	103.99	-1	1	973.69
69	5	1	5	52	72	103.82	104.79	104.99	-1	1	974.22
70	5	1	6	52	41	104.82	105.79	105.99	-1	1	974.63
71	5	1	7	53	50	105.82	106.79	106.99	-1	1	974.80
72	5	1	8	53	4	106.82	107.79	107.99	-1	1	974.40
73	5	1	9	54	79	107.82	108.79	108.99	-1	1	974.28
74	5	1	10	54	79	108.82	109.79	109.99	-1	0	974.52
75	5	1	11	55	60	109.82	110.79	110.99	-1	1	975.34
76	5	1	12	55	60	110.82	111.79	111.99	-1	0	975.65
77	5	1	13	56	51	111.82	112.79	112.99	-1	1	974.96
78	5	1	14	56	17	112.82	113.79	113.99	-1	1	975.73
79	5	1	15	57	2	113.82	114.79	114.99	-1	1	975.03
80	5	1	16	57	61	114.82	115.79	115.99	-1	1	975.87
81	6	2	1	61	19	121.83	122.79	122.99	-1	1	962.96
82	6	2	2	61	15	122.82	123.79	123.99	-1	1	976.45
83	6	2	3	62	12	123.82	124.79	124.99	-1	1	976.23
84	6	2	4	62	34	124.81	125.79	125.99	-1	1	976.70
85	6	2	5	63	52	125.81	126.79	126.99	-1	1	977.01
86	6	2	6	63	9	126.81	127.79	127.99	-1	1	976.99
87	6	2	7	64	4	127.81	128.79	128.99	-1	1	976.96
88	6	2	8	64	62	128.81	129.79	129.99	-1	1	977.28
89	6	2	9	65	8	129.81	130.79	130.99	-1	1	977.07
90	6	2	10	65	7	130.81	131.79	131.99	-1	1	977.48
91	6	2	11	66	7	131.81	132.79	132.99	-1	0	978.15
92	6	2	12	66	65	132.81	133.79	133.99	-1	1	977.67
93	6	2	13	67	65	133.81	134.79	134.99	-1	0	977.42
94	6	2	14	67	13	134.81	135.79	135.99	-1	1	977.53
95	6	2	15	68	66	135.81	136.79	136.99	-1	1	978.61
96	6	2	16	68	74	136.81	137.79	137.99	-1	1	977.60
97	7	3	1	72	68	143.83	144.79	144.99	-1	1	965.66
98	7	3	2	72	7	144.81	145.79	145.99	-1	1	979.84
99	7	3	3	73	31	145.81	146.79	146.99	-1	1	978.51
100	7	3	4	73	31	146.81	147.79	147.99	-1	0	978.97
101	7	3	5	74	63	147.81	148.79	148.99	-1	1	978.56
102	7	3	6	74	70	148.81	149.79	149.99	-1	1	979.81
103	7	3	7	75	12	149.81	150.79	150.99	-1	1	980.27
104	7	3	8	75	67	150.81	151.79	151.99	-1	1	979.45
105	7	3	9	76	10	151.81	152.79	152.99	-1	1	979.86
106	7	3	10	76	52	152.81	153.79	153.99	-1	1	979.16
107	7	3	11	77	72	153.81	154.79	154.99	-1	1	979.50
108	7	3	12	77	46	154.83	155.79	155.99	-1	1	963.72
109	7	3	13	78	29	155.83	156.79	156.99	-1	1	963.55
110	7	3	14	78	11	156.83	157.79	157.99	-1	1	963.37
111	7	3	15	79	11	157.83	158.79	158.99	-1	0	963.59
112	7	3	16	79	60	158.83	159.79	159.99	-1	1	963.46
113	8	4	1	83	3	165.84	166.79	166.99	-1	1	950.90
114	8	4	2	83	37	166.83	167.79	167.99	-1	1	964.70
115	8	4	3	84	7	167.83	168.79	168.99	-1	1	964.32
116	8	4	4	84	10	168.83	169.79	169.99	-1	1	964.30
117	8	4	5	85	10	169.83	170.79	170.99	-1	0	964.67
118	8	4	6	85	13	170.83	171.79	171.99	-1	1	964.76
119	8	4	7	86	54	171.83	172.79	172.99	-1	1	964.77
120	8	4	8	86	47	172.83	173.79	173.99	-1	1	964.63
121	8	4	9	87	47	173.83	174.79	174.99	-1	0	964.67
122	8	4	10	87	6	174.83	175.79	175.99	-1	1	966.36
123	8	4	11	88	64	175.83	176.79	176.99	-1	1	965.90
124	8	4	12	88	65	176.83	177.79	177.99	-1	1	965.19
125	8	4	13	89	31	177.83	178.79	178.99	-1	1	965.90
126	8	4	14	89	40	178.83	179.79	179.99	-1	1	965.86
127	8	4	15	90	30	179.82	180.79	180.99	-1	1	966.57
128	8	4	16	90	12	180.82	181.79	181.99	-1	1	966.74
129	9	1	1	94	32	187.84	188.79	188.99	-1	1	953.35
130	9	1	2	94	24	188.82	189.79	189.99	-1	1	966.77
131	9	1	3	95	19	189.82	190.79	190.99	-1	1	966.81
132	9	1	4	95	74	190.82	191.79	191.99	-1	1	967.29
133	9	1	5	96	74	191.82	192.79	192.99	-1	0	967.00
134	9	1	6	96	64	192.82	193.79	193.99	-1	1	966.86
135	9	1	7	97	39	193.82	194.79	194.99	-1	1	967.88
136	9	1	8	97	27	194.82	195.79	195.99	-1	1	967.46
137	9	1	9	98	15	195.82	196.79	196.99	-1	1	968.50
138	9	1	10	98	70	196.82	197.79	197.99	-1	1	968.66
139	9	1	11	99	30	197.82	198.79	198.99	-1	1	967.69
140	9	1	12	99	65	198.82	199.79	199.99	-1	1	967.65
141	9	1	13	100	54	199.82	200.79	200.99	-1	1	968.87
142	9	1	14	100	10	200.82	201.79	201.99	-1	1	968.22
143	9	1	15	101	10	201.82	202.79	202.99	-1	0	968.45
144	9	1	16	101	25	202.82	203.79	203.99	-1	1	968.96
145	10	2	1	105	53	209.84	210.79	210.99	-1	1	955.00
146	10	2	2	105	32	210.82	211.79	211.99	-1	1	969.59
147	10	2	3	106	77	211.82	212.79	212.99	-1	1	969.78
148	10	2	4	106	1	212.82	213.79	213.99	-1	1	970.18
149	10	2	5	107	60	213.82	214.79	214.99	-1	1	970.33
150	10	2	6	107	20	214.84	215.79	215.99	-1	1	956.06
151	10	2	7	108	20	215.82	216.79	216.99	-1	0	970.98
152	10	2	8	108	39	216.82	217.79	217.99	-1	1	971.03
153	10	2	9	109	38	217.82	218.79	218.99	-1	1	970.08
154	10	2	10	109	38	218.82	219.79	219.99	-1	0	970.05
155	10	2	11	110	25	219.82	220.79	220.99	-1	1	970.72
156	10	2	12	110	57	220.82	221.79	221.99	-1	1	970.60
157	10	2	13	111	2	221.82	222.79	222.99	-1	1	970.71
158	10	2	14	111	45	222.82	223.79	223.99	-1	1	970.64
159	10	2	15	112	50	223.82	224.79	224.99	-1	1	970.01
160	10	2	16	112	61	224.82	225.79	225.99	-1	1	971.20
161	11	3	1	116	41	231.83	232.79	232.99	-1	1	958.34
162	11	3	2	116	13	232.82	233.79	233.99	-1	1	971.72
163	11	3	3	117	32	233.82	234.79	234.99	-1	1	972.22
164	11	3	4	117	16	234.83	235.79	235.99	-1	1	958.21
165	11	3	5	118	27	235.82	236.79	236.99	-1	1	973.13
166	11	3	6	118	28	236.82	237.79	237.99	-1	1	972.57
167	11	3	7	119	28	237.82	238.79	238.99	-1	0	972.26
168	11	3	8	119	48	238.82	239.79	239.99	-1	1	972.64
169	11	3	9	120	55	239.82	240.79	240.99	-1	1	972.48
170	11	3	10	120	19	240.82	241.79	241.99	-1	1	973.29
171	11	3	11	121	23	241.82	242.79	242.99	-1	1	972.45
172	11	3	12	121	74	242.82	243.79	243.99	-1	1	972.95
173	11	3	13	122	74	243.82	244.79	244.99	-1	0	973.11
174	11	3	14	122	77	244.82	245.79	245.99	-1	1	973.36
175	11	3	15	123	56	245.82	246.79	246.99	-1	1	973.77
176	11	3	16	123	35	246.82	247.79	247.99	-1	1	973.33
177	12	4	1	127	69	253.83	254.79	254.99	-1	1	960.78
178	12	4	2	127	29	254.82	255.79	255.99	-1	1	974.02
179	12	4	3	128	34	255.82	256.79	256.99	-1	1	975.41
180	12	4	4	128	32	256.82	257.79	257.99	-1	1	975.72
181	12	4	5	129	32	257.82	258.79	258.99	-1	0	975.15
182	12	4	6	129	35	258.82	259.79	259.99	-1	1	975.21
183	12	4	7	130	42	259.82	260.79	260.99	-1	1	974.38
184	12	4	8	130	62	260.82	261.79	261.99	-1	1	975.81
185	12	4	9	131	17	261.82	262.79	262.99	-1	1	975.84
186	12	4	10	131	66	262.82	263.79	263.99	-1	1	974.92
187	12	4	11	132	26	263.82	264.79	264.99	-1	1	975.82
188	12	4	12	132	26	264.82	265.79	265.99	-1	0	975.49
189	12	4	13	133	75	265.82	266.79	266.99	-1	1	976.31
190	12	4	14	133	22	266.82	267.79	267.99	-1	1	975.73
191	12	4	15	134	28	267.82	268.79	268.99	-1	1	976.25
192	12	4	16	134	73	268.82	269.79	269.99	-1	1	975.73
