<><><><><><><><> 
FFA/LOC/PPA LOCALIZER 
Matlab version  9.6.0.1072779 (R2019a) 
Begin: 26-Sep-2019 16:32:42 
SubjID: 0790 
Run Number: 2 
TR: 2.000000 
Total Blocks: 15 
<><><><><><><><> 
<><><><><><><><> 
Script Start ::  26-Sep-2019 16:32:42 
Trial No.	Block	Face(1)/Object(2)/Scenes(3)/Scrambled(4)	Trial	TR	Stim No.	Presentation Time(s)	StimEndTime(s)	TrialEndTime(s)	Response	Correct?	RT(ms)	<><><><><><><><>
1	1	1	1	6	40	12.02	12.79	12.99	-1	1	775.77
2	1	1	2	6	63	12.82	13.79	13.99	-1	1	973.40
3	1	1	3	7	63	13.82	14.79	14.99	-1	0	972.62
4	1	1	4	7	17	14.82	15.79	15.99	-1	1	973.25
5	1	1	5	8	17	15.82	16.79	16.99	-1	0	973.79
6	1	1	6	8	58	16.82	17.79	17.99	-1	1	973.52
7	1	1	7	9	15	17.82	18.79	18.99	-1	1	973.65
8	1	1	8	9	49	18.82	19.79	19.99	-1	1	973.15
9	1	1	9	10	71	19.82	20.79	20.99	-1	1	973.53
10	1	1	10	10	9	20.82	21.79	21.99	-1	1	973.78
11	1	1	11	11	66	21.82	22.79	22.99	-1	1	973.96
12	1	1	12	11	26	22.82	23.79	23.99	-1	1	973.88
13	1	1	13	12	19	23.82	24.79	24.99	-1	1	974.52
14	1	1	14	12	38	24.82	25.79	25.99	-1	1	974.00
15	1	1	15	13	3	25.82	26.79	26.99	-1	1	974.32
16	1	1	16	13	20	26.82	27.79	27.99	-1	1	974.18
17	2	2	1	17	34	33.83	34.79	34.99	-1	1	961.53
18	2	2	2	17	56	34.82	35.79	35.99	-1	1	975.41
19	2	2	3	18	78	35.82	36.79	36.99	-1	1	975.62
20	2	2	4	18	29	36.82	37.79	37.99	-1	1	975.56
21	2	2	5	19	45	37.82	38.79	38.99	-1	1	975.64
22	2	2	6	19	48	38.82	39.79	39.99	-1	1	975.87
23	2	2	7	20	44	39.82	40.79	40.99	-1	1	976.22
24	2	2	8	20	44	40.81	41.79	41.99	-1	0	976.89
25	2	2	9	21	18	41.82	42.79	42.99	-1	1	975.70
26	2	2	10	21	57	42.82	43.79	43.99	-1	1	975.78
27	2	2	11	22	1	43.81	44.79	44.99	-1	1	976.45
28	2	2	12	22	55	44.81	45.79	45.99	-1	1	976.89
29	2	2	13	23	55	45.81	46.79	46.99	-1	0	976.56
30	2	2	14	23	3	46.81	47.79	47.99	-1	1	976.73
31	2	2	15	24	64	47.81	48.79	48.99	-1	1	976.66
32	2	2	16	24	25	48.81	49.79	49.99	-1	1	976.64
33	3	3	1	28	27	55.83	56.79	56.99	-1	1	962.72
34	3	3	2	28	66	56.81	57.79	57.99	-1	1	978.21
35	3	3	3	29	45	57.81	58.79	58.99	-1	1	978.62
36	3	3	4	29	28	58.81	59.79	59.99	-1	1	977.27
37	3	3	5	30	47	59.81	60.79	60.99	-1	1	979.02
38	3	3	6	30	51	60.81	61.79	61.99	-1	1	978.19
39	3	3	7	31	46	61.81	62.79	62.99	-1	1	978.48
40	3	3	8	31	79	62.81	63.79	63.99	-1	1	979.04
41	3	3	9	32	79	63.81	64.79	64.99	-1	0	977.63
42	3	3	10	32	10	64.81	65.79	65.99	-1	1	979.04
43	3	3	11	33	70	65.81	66.79	66.99	-1	1	979.58
44	3	3	12	33	49	66.81	67.79	67.99	-1	1	979.42
45	3	3	13	34	32	67.81	68.79	68.99	-1	1	979.44
46	3	3	14	34	68	68.81	69.79	69.99	-1	1	978.87
47	3	3	15	35	5	69.81	70.79	70.99	-1	1	979.56
48	3	3	16	35	5	70.81	71.79	71.99	-1	0	979.90
49	4	4	1	39	33	77.83	78.79	78.99	-1	1	966.20
50	4	4	2	39	46	78.81	79.79	79.99	-1	1	979.91
51	4	4	3	40	1	79.83	80.79	80.99	-1	1	964.55
52	4	4	4	40	25	80.83	81.79	81.99	-1	1	963.89
53	4	4	5	41	72	81.83	82.79	82.99	-1	1	964.29
54	4	4	6	41	72	82.83	83.79	83.99	-1	0	964.79
55	4	4	7	42	30	83.83	84.79	84.99	-1	1	964.32
56	4	4	8	42	5	84.83	85.79	85.99	-1	1	965.22
57	4	4	9	43	38	85.83	86.79	86.99	-1	1	964.92
58	4	4	10	43	71	86.83	87.79	87.99	-1	1	964.55
59	4	4	11	44	76	87.83	88.79	88.99	-1	1	964.63
60	4	4	12	44	29	88.83	89.79	89.99	-1	1	964.48
61	4	4	13	45	54	89.83	90.79	90.99	-1	1	965.38
62	4	4	14	45	55	90.83	91.79	91.99	-1	1	964.45
63	4	4	15	46	55	91.83	92.79	92.99	-1	0	965.69
64	4	4	16	46	57	92.83	93.79	93.99	-1	1	964.83
65	5	1	1	50	6	99.84	100.79	100.99	-1	1	951.92
66	5	1	2	50	42	100.83	101.79	101.99	-1	1	965.71
67	5	1	3	51	42	101.82	102.79	102.99	-1	0	966.52
68	5	1	4	51	32	102.82	103.79	103.99	-1	1	966.73
69	5	1	5	52	29	103.83	104.79	104.99	-1	1	965.97
70	5	1	6	52	44	104.82	105.79	105.99	-1	1	967.40
71	5	1	7	53	36	105.82	106.79	106.99	-1	1	966.58
72	5	1	8	53	59	106.82	107.79	107.99	-1	1	966.95
73	5	1	9	54	31	107.82	108.79	108.99	-1	1	967.33
74	5	1	10	54	31	108.83	109.79	109.99	-1	0	966.52
75	5	1	11	55	65	109.82	110.79	110.99	-1	1	967.49
76	5	1	12	55	45	110.82	111.79	111.99	-1	1	966.62
77	5	1	13	56	80	111.82	112.79	112.99	-1	1	967.40
78	5	1	14	56	30	112.82	113.79	113.99	-1	1	967.69
79	5	1	15	57	18	113.82	114.79	114.99	-1	1	967.22
80	5	1	16	57	48	114.82	115.79	115.99	-1	1	968.66
81	6	2	1	61	33	121.84	122.79	122.99	-1	1	955.25
82	6	2	2	61	41	122.82	123.79	123.99	-1	1	968.19
83	6	2	3	62	41	123.82	124.79	124.99	-1	0	968.35
84	6	2	4	62	74	124.82	125.79	125.99	-1	1	969.10
85	6	2	5	63	20	125.82	126.79	126.99	-1	1	969.26
86	6	2	6	63	6	126.82	127.79	127.99	-1	1	969.42
87	6	2	7	64	6	127.82	128.79	128.99	-1	0	969.56
88	6	2	8	64	24	128.82	129.79	129.99	-1	1	969.44
89	6	2	9	65	49	129.82	130.79	130.99	-1	1	969.32
90	6	2	10	65	5	130.82	131.79	131.99	-1	1	969.23
91	6	2	11	66	37	131.82	132.79	132.99	-1	1	969.91
92	6	2	12	66	27	132.82	133.79	133.99	-1	1	970.14
93	6	2	13	67	51	133.82	134.79	134.99	-1	1	969.79
94	6	2	14	67	61	134.82	135.79	135.99	-1	1	970.60
95	6	2	15	68	38	135.82	136.79	136.99	-1	1	970.18
96	6	2	16	68	66	136.82	137.79	137.99	-1	1	970.25
97	7	3	1	72	77	143.83	144.79	144.99	-1	1	957.05
98	7	3	2	72	22	144.82	145.79	145.99	-1	1	971.68
99	7	3	3	73	41	145.82	146.79	146.99	-1	1	971.59
100	7	3	4	73	19	146.82	147.79	147.99	-1	1	971.45
101	7	3	5	74	19	147.82	148.79	148.99	-1	0	971.44
102	7	3	6	74	62	148.82	149.79	149.99	-1	1	971.67
103	7	3	7	75	38	149.82	150.79	150.99	-1	1	971.79
104	7	3	8	75	57	150.82	151.79	151.99	-1	1	972.03
105	7	3	9	76	8	151.82	152.79	152.99	-1	1	972.10
106	7	3	10	76	14	152.82	153.79	153.99	-1	1	971.65
107	7	3	11	77	18	153.82	154.79	154.99	-1	1	972.40
108	7	3	12	77	18	154.82	155.79	155.99	-1	0	972.42
109	7	3	13	78	11	155.82	156.79	156.99	-1	1	972.69
110	7	3	14	78	53	156.82	157.79	157.99	-1	1	973.15
111	7	3	15	79	31	157.82	158.79	158.99	-1	1	972.91
112	7	3	16	79	37	158.82	159.79	159.99	-1	1	972.65
113	8	4	1	83	58	165.83	166.79	166.99	-1	1	960.05
114	8	4	2	83	80	166.82	167.79	167.99	-1	1	973.48
115	8	4	3	84	7	167.82	168.79	168.99	-1	1	973.79
116	8	4	4	84	8	168.82	169.79	169.99	-1	1	973.62
117	8	4	5	85	56	169.82	170.79	170.99	-1	1	974.09
118	8	4	6	85	60	170.82	171.79	171.99	-1	1	974.22
119	8	4	7	86	45	171.82	172.79	172.99	-1	1	974.27
120	8	4	8	86	45	172.82	173.79	173.99	-1	0	974.68
121	8	4	9	87	32	173.82	174.79	174.99	-1	1	974.29
122	8	4	10	87	66	174.82	175.79	175.99	-1	1	974.86
123	8	4	11	88	52	175.82	176.79	176.99	-1	1	975.05
124	8	4	12	88	28	176.82	177.79	177.99	-1	1	974.80
125	8	4	13	89	28	177.82	178.79	178.99	-1	0	975.10
126	8	4	14	89	23	178.82	179.79	179.99	-1	1	974.84
127	8	4	15	90	41	179.82	180.79	180.99	-1	1	974.59
128	8	4	16	90	16	180.82	181.79	181.99	-1	1	975.41
129	9	1	1	94	34	187.83	188.79	188.99	-1	1	961.56
130	9	1	2	94	34	188.82	189.79	189.99	-1	0	975.46
131	9	1	3	95	76	189.82	190.79	190.99	-1	1	975.94
132	9	1	4	95	53	190.81	191.79	191.99	-1	1	976.85
133	9	1	5	96	46	191.81	192.79	192.99	-1	1	976.80
134	9	1	6	96	73	192.81	193.79	193.99	-1	1	976.63
135	9	1	7	97	51	193.81	194.79	194.99	-1	1	976.75
136	9	1	8	97	41	194.81	195.79	195.99	-1	1	976.85
137	9	1	9	98	41	195.81	196.79	196.99	-1	0	976.68
138	9	1	10	98	47	196.81	197.79	197.99	-1	1	977.40
139	9	1	11	99	7	197.81	198.79	198.99	-1	1	977.18
140	9	1	12	99	24	198.81	199.79	199.99	-1	1	976.88
141	9	1	13	100	74	199.81	200.79	200.99	-1	1	977.94
142	9	1	14	100	52	200.81	201.79	201.99	-1	1	977.32
143	9	1	15	101	69	201.81	202.79	202.99	-1	1	977.36
144	9	1	16	101	39	202.81	203.79	203.99	-1	1	978.04
145	10	2	1	105	19	209.83	210.79	210.99	-1	1	964.38
146	10	2	2	105	19	210.81	211.79	211.99	-1	0	978.99
147	10	2	3	106	36	211.81	212.79	212.99	-1	1	978.77
148	10	2	4	106	67	212.81	213.79	213.99	-1	1	978.37
149	10	2	5	107	42	213.81	214.79	214.99	-1	1	979.08
150	10	2	6	107	26	214.81	215.79	215.99	-1	1	978.75
151	10	2	7	108	21	215.81	216.79	216.99	-1	1	979.02
152	10	2	8	108	21	216.81	217.79	217.99	-1	0	978.53
153	10	2	9	109	15	217.81	218.79	218.99	-1	1	979.50
154	10	2	10	109	32	218.81	219.79	219.99	-1	1	978.83
155	10	2	11	110	60	219.81	220.79	220.99	-1	1	980.49
156	10	2	12	110	77	220.81	221.79	221.99	-1	1	979.73
157	10	2	13	111	53	221.81	222.79	222.99	-1	1	979.85
158	10	2	14	111	2	222.81	223.79	223.99	-1	1	980.48
159	10	2	15	112	10	223.81	224.79	224.99	-1	1	979.41
160	10	2	16	112	39	224.83	225.79	225.99	-1	1	963.73
161	11	3	1	116	55	231.82	232.79	232.99	-1	1	967.18
162	11	3	2	116	17	232.83	233.79	233.99	-1	1	965.01
163	11	3	3	117	56	233.83	234.79	234.99	-1	1	964.46
164	11	3	4	117	60	234.83	235.79	235.99	-1	1	964.66
165	11	3	5	118	6	235.83	236.79	236.99	-1	1	965.02
166	11	3	6	118	63	236.83	237.79	237.99	-1	1	964.39
167	11	3	7	119	76	237.83	238.79	238.99	-1	1	965.12
168	11	3	8	119	20	238.83	239.79	239.99	-1	1	965.07
169	11	3	9	120	40	239.83	240.79	240.99	-1	1	965.30
170	11	3	10	120	40	240.83	241.79	241.99	-1	0	965.34
171	11	3	11	121	33	241.83	242.79	242.99	-1	1	965.53
172	11	3	12	121	34	242.83	243.79	243.99	-1	1	965.28
173	11	3	13	122	34	243.83	244.79	244.99	-1	0	965.45
174	11	3	14	122	74	244.83	245.79	245.99	-1	1	966.01
175	11	3	15	123	43	245.83	246.79	246.99	-1	1	965.51
176	11	3	16	123	72	246.83	247.79	247.99	-1	1	966.10
177	12	4	1	127	40	253.84	254.79	254.99	-1	1	952.72
178	12	4	2	127	47	254.82	255.79	255.99	-1	1	967.42
179	12	4	3	128	48	255.82	256.79	256.99	-1	1	966.96
180	12	4	4	128	15	256.82	257.79	257.99	-1	1	966.71
181	12	4	5	129	10	257.82	258.79	258.99	-1	1	967.21
182	12	4	6	129	64	258.82	259.79	259.99	-1	1	967.43
183	12	4	7	130	35	259.82	260.79	260.99	-1	1	966.83
184	12	4	8	130	35	260.82	261.79	261.99	-1	0	967.26
185	12	4	9	131	74	261.82	262.79	262.99	-1	1	967.47
186	12	4	10	131	43	262.82	263.79	263.99	-1	1	967.46
187	12	4	11	132	11	263.82	264.79	264.99	-1	1	967.98
188	12	4	12	132	26	264.82	265.79	265.99	-1	1	967.78
189	12	4	13	133	26	265.82	266.79	266.99	-1	0	968.21
190	12	4	14	133	34	266.82	267.79	267.99	-1	1	967.56
191	12	4	15	134	73	267.82	268.79	268.99	-1	1	968.43
192	12	4	16	134	24	268.82	269.79	269.99	-1	1	967.93
