<><><><><><><><> 
FFA/LOC/PPA LOCALIZER 
Matlab version  9.6.0.1072779 (R2019a) 
Begin: 28-Jan-2020 11:12:56 
SubjID: 0811 
Run Number: 1 
TR: 2.000000 
Total Blocks: 15 
<><><><><><><><> 
<><><><><><><><> 
Script Start ::  28-Jan-2020 11:12:56 
Trial No.	Block	Face(1)/Object(2)/Scenes(3)/Scrambled(4)	Trial	TR	Stim No.	Presentation Time(s)	StimEndTime(s)	TrialEndTime(s)	Response	Correct?	RT(ms)	<><><><><><><><>
1	1	1	1	6	46	12.01	12.80	13.00	-1	1	781.50
2	1	1	2	6	59	12.81	13.80	14.00	-1	1	984.76
3	1	1	3	7	15	13.81	14.80	15.00	-1	1	984.96
4	1	1	4	7	2	14.81	15.80	16.00	-1	1	986.54
5	1	1	5	8	4	15.81	16.80	17.00	-1	1	980.65
6	1	1	6	8	72	16.82	17.80	18.00	-1	1	980.47
7	1	1	7	9	72	17.81	18.80	19.00	1	1	344.64
8	1	1	8	9	11	18.81	19.80	20.00	-1	1	984.15
9	1	1	9	10	37	19.81	20.80	21.00	-1	1	986.75
10	1	1	10	10	53	20.81	21.80	22.00	-1	1	986.72
11	1	1	11	11	64	21.81	22.80	23.00	-1	1	987.40
12	1	1	12	11	64	22.81	23.80	24.00	1	1	354.25
13	1	1	13	12	45	23.81	24.80	25.00	-1	1	987.34
14	1	1	14	12	42	24.82	25.80	26.00	-1	1	972.06
15	1	1	15	13	44	25.82	26.80	27.00	-1	1	972.30
16	1	1	16	13	79	26.82	27.80	28.00	-1	1	972.19
17	2	2	1	17	76	33.83	34.80	35.00	-1	1	964.55
18	2	2	2	17	54	34.82	35.80	36.00	-1	1	978.24
19	2	2	3	18	48	35.82	36.80	37.00	-1	1	973.65
20	2	2	4	18	62	36.82	37.80	38.00	-1	1	973.28
21	2	2	5	19	75	37.82	38.80	39.00	-1	1	979.38
22	2	2	6	19	20	38.82	39.80	40.00	-1	1	973.44
23	2	2	7	20	2	39.82	40.80	41.00	-1	1	974.49
24	2	2	8	20	29	40.82	41.80	42.00	-1	1	974.12
25	2	2	9	21	7	41.82	42.80	43.00	-1	1	973.66
26	2	2	10	21	7	42.82	43.80	44.00	1	1	301.82
27	2	2	11	22	9	43.82	44.80	45.00	-1	1	980.20
28	2	2	12	22	12	44.82	45.80	46.00	-1	1	973.77
29	2	2	13	23	12	45.82	46.80	47.00	1	1	414.80
30	2	2	14	23	63	46.82	47.80	48.00	-1	1	974.95
31	2	2	15	24	79	47.82	48.80	49.00	-1	1	974.75
32	2	2	16	24	5	48.82	49.80	50.00	-1	1	975.14
33	3	3	1	28	69	55.82	56.80	57.00	-1	1	975.47
34	3	3	2	28	50	56.82	57.80	58.00	-1	1	974.75
35	3	3	3	29	50	57.81	58.80	59.00	1	1	315.90
36	3	3	4	29	71	58.81	59.80	60.00	-1	1	981.72
37	3	3	5	30	34	59.82	60.80	61.00	-1	1	976.12
38	3	3	6	30	12	60.82	61.80	62.00	-1	1	976.25
39	3	3	7	31	54	61.81	62.80	63.00	-1	1	983.29
40	3	3	8	31	13	62.82	63.80	64.00	-1	1	975.72
41	3	3	9	32	17	63.81	64.80	65.00	-1	1	981.33
42	3	3	10	32	46	64.82	65.80	66.00	-1	1	977.61
43	3	3	11	33	62	65.82	66.80	67.00	-1	1	976.50
44	3	3	12	33	52	66.82	67.80	68.00	-1	1	976.93
45	3	3	13	34	74	67.82	68.80	69.00	-1	1	977.11
46	3	3	14	34	74	68.81	69.80	70.00	1	1	348.30
47	3	3	15	35	67	69.82	70.80	71.00	-1	1	976.86
48	3	3	16	35	78	70.82	71.80	72.00	-1	1	977.32
49	4	4	1	39	47	77.83	78.80	79.00	-1	1	970.06
50	4	4	2	39	25	78.81	79.80	80.00	-1	1	984.83
51	4	4	3	40	32	79.81	80.80	81.00	-1	1	986.10
52	4	4	4	40	21	80.82	81.80	82.00	-1	1	978.36
53	4	4	5	41	12	81.82	82.80	83.00	-1	1	978.04
54	4	4	6	41	74	82.81	83.80	84.00	-1	1	986.68
55	4	4	7	42	53	83.82	84.80	85.00	-1	1	978.57
56	4	4	8	42	53	84.82	85.80	86.00	1	1	276.89
57	4	4	9	43	26	85.82	86.80	87.00	-1	1	978.50
58	4	4	10	43	62	86.82	87.80	88.00	-1	1	978.61
59	4	4	11	44	80	87.82	88.80	89.00	-1	1	979.09
60	4	4	12	44	80	88.82	89.80	90.00	1	1	391.58
61	4	4	13	45	41	89.82	90.80	91.00	-1	1	979.92
62	4	4	14	45	19	90.82	91.80	92.00	-1	1	979.82
63	4	4	15	46	68	91.82	92.80	93.00	-1	1	979.68
64	4	4	16	46	23	92.82	93.80	94.00	-1	1	979.73
65	5	1	1	50	9	99.82	100.80	101.00	-1	1	974.81
66	5	1	2	50	48	100.81	101.80	102.00	-1	1	981.49
67	5	1	3	51	24	101.82	102.80	103.00	-1	1	980.09
68	5	1	4	51	7	102.82	103.80	104.00	-1	1	979.31
69	5	1	5	52	12	103.82	104.80	105.00	-1	1	978.83
70	5	1	6	52	16	104.82	105.80	106.00	-1	1	978.98
71	5	1	7	53	61	105.82	106.80	107.00	-1	1	980.11
72	5	1	8	53	8	106.82	107.80	108.00	-1	1	980.46
73	5	1	9	54	8	107.82	108.80	109.00	1	1	360.78
74	5	1	10	54	49	108.81	109.80	110.00	-1	1	980.40
75	5	1	11	55	52	109.81	110.80	111.00	-1	1	981.00
76	5	1	12	55	43	110.82	111.80	112.00	-1	1	980.11
77	5	1	13	56	20	111.81	112.80	113.00	-1	1	980.78
78	5	1	14	56	54	112.81	113.80	114.00	-1	1	981.03
79	5	1	15	57	54	113.81	114.80	115.00	1	1	327.42
80	5	1	16	57	73	114.81	115.80	116.00	-1	1	981.28
81	6	2	1	61	61	121.82	122.80	123.00	-1	1	975.43
82	6	2	2	61	4	122.81	123.80	124.00	-1	1	981.52
83	6	2	3	62	68	123.81	124.80	125.00	-1	1	981.96
84	6	2	4	62	34	124.81	125.80	126.00	-1	1	982.21
85	6	2	5	63	66	125.81	126.80	127.00	-1	1	982.45
86	6	2	6	63	49	126.81	127.80	128.00	-1	1	981.91
87	6	2	7	64	17	127.81	128.80	129.00	-1	1	981.76
88	6	2	8	64	53	128.81	129.80	130.00	-1	1	982.25
89	6	2	9	65	46	129.81	130.80	131.00	-1	1	983.26
90	6	2	10	65	46	130.81	131.80	132.00	1	1	361.04
91	6	2	11	66	25	131.81	132.80	133.00	-1	1	983.22
92	6	2	12	66	1	132.81	133.80	134.00	-1	1	983.01
93	6	2	13	67	43	133.81	134.80	135.00	-1	1	982.86
94	6	2	14	67	22	134.81	135.80	136.00	-1	1	983.35
95	6	2	15	68	22	135.81	136.80	137.00	1	1	425.92
96	6	2	16	68	70	136.81	137.80	138.00	-1	1	983.71
97	7	3	1	72	59	143.82	144.80	145.00	-1	1	977.66
98	7	3	2	72	33	144.81	145.80	146.00	-1	1	984.83
99	7	3	3	73	63	145.81	146.80	147.00	-1	1	985.39
100	7	3	4	73	44	146.81	147.80	148.00	-1	1	985.76
101	7	3	5	74	9	147.81	148.80	149.00	-1	1	984.93
102	7	3	6	74	66	148.81	149.80	150.00	-1	1	985.99
103	7	3	7	75	25	149.81	150.80	151.00	-1	1	984.66
104	7	3	8	75	53	150.81	151.80	152.00	-1	1	984.75
105	7	3	9	76	79	151.81	152.80	153.00	-1	1	985.39
106	7	3	10	76	79	152.81	153.80	154.00	1	1	350.47
107	7	3	11	77	4	153.81	154.80	155.00	-1	1	983.95
108	7	3	12	77	65	154.81	155.80	156.00	-1	1	984.79
109	7	3	13	78	65	155.81	156.80	157.00	1	1	376.89
110	7	3	14	78	77	156.81	157.80	158.00	-1	1	986.12
111	7	3	15	79	5	157.81	158.80	159.00	-1	1	986.20
112	7	3	16	79	80	158.81	159.80	160.00	-1	1	987.34
113	8	4	1	83	10	165.82	166.80	167.00	-1	1	980.47
114	8	4	2	83	76	166.82	167.80	168.00	-1	1	979.73
115	8	4	3	84	67	167.82	168.80	169.00	-1	1	971.12
116	8	4	4	84	67	168.81	169.80	170.00	1	1	431.91
117	8	4	5	85	69	169.81	170.80	171.00	-1	1	986.91
118	8	4	6	85	20	170.82	171.80	172.00	-1	1	972.41
119	8	4	7	86	35	171.82	172.80	173.00	-1	1	971.55
120	8	4	8	86	60	172.82	173.80	174.00	-1	1	978.69
121	8	4	9	87	39	173.82	174.80	175.00	-1	1	972.36
122	8	4	10	87	27	174.82	175.80	176.00	-1	1	972.00
123	8	4	11	88	56	175.82	176.80	177.00	-1	1	973.06
124	8	4	12	88	56	176.82	177.80	178.00	1	1	396.13
125	8	4	13	89	73	177.82	178.80	179.00	-1	1	972.92
126	8	4	14	89	63	178.82	179.80	180.00	-1	1	979.61
127	8	4	15	90	31	179.82	180.80	181.00	-1	1	980.54
128	8	4	16	90	33	180.82	181.80	182.00	-1	1	973.09
129	9	1	1	94	35	187.83	188.80	189.00	-1	1	967.49
130	9	1	2	94	60	188.82	189.80	190.00	-1	1	973.14
131	9	1	3	95	13	189.82	190.80	191.00	-1	1	973.54
132	9	1	4	95	3	190.82	191.80	192.00	-1	1	975.00
133	9	1	5	96	30	191.82	192.80	193.00	-1	1	973.98
134	9	1	6	96	75	192.82	193.80	194.00	-1	1	974.86
135	9	1	7	97	40	193.82	194.80	195.00	-1	1	973.88
136	9	1	8	97	78	194.82	195.80	196.00	-1	1	974.60
137	9	1	9	98	58	195.82	196.80	197.00	-1	1	974.98
138	9	1	10	98	58	196.82	197.80	198.00	1	1	320.35
139	9	1	11	99	10	197.82	198.80	199.00	-1	1	975.33
140	9	1	12	99	18	198.82	199.80	200.00	-1	1	974.91
141	9	1	13	100	62	199.82	200.80	201.00	-1	1	974.91
142	9	1	14	100	26	200.82	201.80	202.00	-1	1	976.12
143	9	1	15	101	34	201.82	202.80	203.00	-1	1	976.04
144	9	1	16	101	34	202.81	203.80	204.00	1	1	354.74
145	10	2	1	105	24	209.83	210.80	211.00	-1	1	970.70
146	10	2	2	105	21	210.82	211.80	212.00	-1	1	976.71
147	10	2	3	106	26	211.82	212.80	213.00	-1	1	976.98
148	10	2	4	106	60	212.82	213.80	214.00	-1	1	977.13
149	10	2	5	107	60	213.81	214.80	215.00	1	1	324.12
150	10	2	6	107	37	214.81	215.80	216.00	-1	1	983.71
151	10	2	7	108	28	215.82	216.80	217.00	-1	1	977.47
152	10	2	8	108	3	216.82	217.80	218.00	-1	1	977.79
153	10	2	9	109	47	217.82	218.80	219.00	-1	1	976.90
154	10	2	10	109	77	218.82	219.80	220.00	-1	1	977.45
155	10	2	11	110	50	219.82	220.80	221.00	-1	1	977.54
156	10	2	12	110	59	220.82	221.80	222.00	-1	1	978.74
157	10	2	13	111	59	221.81	222.80	223.00	1	1	328.11
158	10	2	14	111	58	222.82	223.80	224.00	-1	1	978.40
159	10	2	15	112	13	223.82	224.80	225.00	-1	1	977.74
160	10	2	16	112	57	224.82	225.80	226.00	-1	1	977.47
161	11	3	1	116	6	231.82	232.80	233.00	-1	1	978.87
162	11	3	2	116	1	232.82	233.80	234.00	-1	1	979.28
163	11	3	3	117	1	233.81	234.80	235.00	1	1	326.57
164	11	3	4	117	26	234.82	235.80	236.00	-1	1	979.22
165	11	3	5	118	26	235.82	236.80	237.00	1	1	489.26
166	11	3	6	118	55	236.82	237.80	238.00	-1	1	979.05
167	11	3	7	119	64	237.81	238.80	239.00	-1	1	987.77
168	11	3	8	119	16	238.82	239.80	240.00	-1	1	979.86
169	11	3	9	120	32	239.82	240.80	241.00	-1	1	978.64
170	11	3	10	120	36	240.82	241.80	242.00	-1	1	979.34
171	11	3	11	121	15	241.82	242.80	243.00	-1	1	979.41
172	11	3	12	121	19	242.82	243.80	244.00	-1	1	979.92
173	11	3	13	122	58	243.82	244.80	245.00	-1	1	978.36
174	11	3	14	122	37	244.82	245.80	246.00	-1	1	979.75
175	11	3	15	123	76	245.82	246.80	247.00	-1	1	979.88
176	11	3	16	123	68	246.82	247.80	248.00	-1	1	979.54
177	12	4	1	127	5	253.82	254.80	255.00	-1	1	974.31
178	12	4	2	127	50	254.81	255.80	256.00	-1	1	980.70
179	12	4	3	128	48	255.82	256.80	257.00	-1	1	979.98
180	12	4	4	128	40	256.81	257.80	258.00	-1	1	980.98
181	12	4	5	129	55	257.82	258.80	259.00	-1	1	979.98
182	12	4	6	129	17	258.81	259.80	260.00	-1	1	981.34
183	12	4	7	130	30	259.81	260.80	261.00	-1	1	981.26
184	12	4	8	130	66	260.81	261.80	262.00	-1	1	982.22
185	12	4	9	131	66	261.81	262.80	263.00	1	1	371.47
186	12	4	10	131	52	262.81	263.80	264.00	-1	1	981.16
187	12	4	11	132	38	263.81	264.80	265.00	-1	1	981.47
188	12	4	12	132	64	264.81	265.80	266.00	-1	1	981.72
189	12	4	13	133	29	265.81	266.80	267.00	-1	1	982.73
190	12	4	14	133	9	266.81	267.80	268.00	-1	1	982.32
191	12	4	15	134	9	267.81	268.80	269.00	1	1	366.35
192	12	4	16	134	49	268.81	269.80	270.00	-1	1	982.77
