<><><><><><><><> 
FFA/LOC/PPA LOCALIZER 
Matlab version  9.6.0.1072779 (R2019a) 
Begin: 29-Jan-2020 17:16:01 
SubjID: 0812 
Run Number: 2 
TR: 2.000000 
Total Blocks: 15 
<><><><><><><><> 
<><><><><><><><> 
Script Start ::  29-Jan-2020 17:16:01 
Trial No.	Block	Face(1)/Object(2)/Scenes(3)/Scrambled(4)	Trial	TR	Stim No.	Presentation Time(s)	StimEndTime(s)	TrialEndTime(s)	Response	Correct?	RT(ms)	<><><><><><><><>
1	1	1	1	6	45	12.01	12.80	13.00	-1	1	780.46
2	1	1	2	6	32	12.82	13.80	14.00	-1	1	971.23
3	1	1	3	7	58	13.81	14.80	15.00	-1	1	980.85
4	1	1	4	7	52	14.82	15.80	16.00	-1	1	979.23
5	1	1	5	8	64	15.82	16.80	17.00	-1	1	980.41
6	1	1	6	8	64	16.81	17.80	18.00	1	1	477.46
7	1	1	7	9	76	17.81	18.80	19.00	-1	1	981.70
8	1	1	8	9	35	18.82	19.80	20.00	-1	1	980.49
9	1	1	9	10	28	19.81	20.80	21.00	-1	1	981.01
10	1	1	10	10	31	20.81	21.80	22.00	-1	1	981.04
11	1	1	11	11	66	21.82	22.80	23.00	-1	1	980.44
12	1	1	12	11	16	22.81	23.80	24.00	-1	1	980.91
13	1	1	13	12	34	23.81	24.80	25.00	-1	1	981.30
14	1	1	14	12	59	24.81	25.80	26.00	-1	1	982.37
15	1	1	15	13	59	25.81	26.80	27.00	1	1	397.52
16	1	1	16	13	70	26.81	27.80	28.00	-1	1	981.94
17	2	2	1	17	58	33.82	34.80	35.00	-1	1	975.52
18	2	2	2	17	21	34.81	35.80	36.00	-1	1	981.70
19	2	2	3	18	34	35.81	36.80	37.00	-1	1	981.85
20	2	2	4	18	30	36.81	37.80	38.00	-1	1	983.34
21	2	2	5	19	56	37.81	38.80	39.00	-1	1	982.18
22	2	2	6	19	60	38.81	39.80	40.00	-1	1	982.99
23	2	2	7	20	19	39.81	40.80	41.00	-1	1	981.58
24	2	2	8	20	4	40.81	41.80	42.00	-1	1	983.50
25	2	2	9	21	4	41.81	42.80	43.00	1	1	441.54
26	2	2	10	21	40	42.81	43.80	44.00	-1	1	982.22
27	2	2	11	22	10	43.81	44.80	45.00	-1	1	983.83
28	2	2	12	22	59	44.81	45.80	46.00	-1	1	984.42
29	2	2	13	23	49	45.81	46.80	47.00	-1	1	985.06
30	2	2	14	23	73	46.81	47.80	48.00	-1	1	983.32
31	2	2	15	24	73	47.81	48.80	49.00	1	1	404.10
32	2	2	16	24	61	48.81	49.80	50.00	-1	1	983.42
33	3	3	1	28	72	55.82	56.80	57.00	-1	1	977.32
34	3	3	2	28	20	56.81	57.80	58.00	-1	1	985.06
35	3	3	3	29	30	57.81	58.80	59.00	-1	1	983.73
36	3	3	4	29	46	58.81	59.80	60.00	-1	1	984.00
37	3	3	5	30	62	59.81	60.80	61.00	-1	1	986.03
38	3	3	6	30	62	60.81	61.80	62.00	1	1	471.09
39	3	3	7	31	22	61.81	62.80	63.00	-1	1	986.65
40	3	3	8	31	48	62.81	63.80	64.00	-1	1	986.13
41	3	3	9	32	55	63.81	64.80	65.00	-1	1	985.55
42	3	3	10	32	44	64.81	65.80	66.00	-1	1	985.73
43	3	3	11	33	8	65.81	66.80	67.00	-1	1	985.84
44	3	3	12	33	64	66.81	67.80	68.00	-1	1	987.99
45	3	3	13	34	64	67.81	68.80	69.00	1	1	490.21
46	3	3	14	34	9	68.81	69.80	70.00	-1	1	987.01
47	3	3	15	35	3	69.81	70.80	71.00	-1	1	986.35
48	3	3	16	35	18	70.81	71.80	72.00	-1	1	986.33
49	4	4	1	39	20	77.82	78.80	79.00	-1	1	979.97
50	4	4	2	39	70	78.81	79.80	80.00	-1	1	986.69
51	4	4	3	40	12	79.81	80.80	81.00	-1	1	987.41
52	4	4	4	40	12	80.81	81.80	82.00	1	1	714.78
53	4	4	5	41	72	81.81	82.80	83.00	-1	1	987.67
54	4	4	6	41	76	82.81	83.80	84.00	-1	1	987.99
55	4	4	7	42	63	83.81	84.80	85.00	-1	1	987.38
56	4	4	8	42	59	84.81	85.80	86.00	-1	1	987.50
57	4	4	9	43	50	85.82	86.80	87.00	-1	1	979.54
58	4	4	10	43	28	86.81	87.80	88.00	-1	1	989.29
59	4	4	11	44	4	87.82	88.80	89.00	-1	1	979.02
60	4	4	12	44	36	88.81	89.80	90.00	-1	1	988.21
61	4	4	13	45	36	89.82	90.80	91.00	1	1	290.31
62	4	4	14	45	46	90.82	91.80	92.00	-1	1	980.37
63	4	4	15	46	55	91.82	92.80	93.00	-1	1	980.19
64	4	4	16	46	43	92.81	93.80	94.00	-1	1	981.03
65	5	1	1	50	6	99.82	100.80	101.00	-1	1	974.10
66	5	1	2	50	47	100.81	101.80	102.00	-1	1	981.08
67	5	1	3	51	57	101.81	102.80	103.00	-1	1	981.13
68	5	1	4	51	65	102.81	103.80	104.00	-1	1	981.00
69	5	1	5	52	15	103.81	104.80	105.00	-1	1	982.30
70	5	1	6	52	11	104.81	105.80	106.00	-1	1	983.69
71	5	1	7	53	17	105.81	106.80	107.00	-1	1	981.86
72	5	1	8	53	13	106.81	107.80	108.00	-1	1	982.07
73	5	1	9	54	46	107.81	108.80	109.00	-1	1	981.92
74	5	1	10	54	9	108.81	109.80	110.00	-1	1	984.05
75	5	1	11	55	77	109.81	110.80	111.00	-1	1	983.40
76	5	1	12	55	24	110.81	111.80	112.00	-1	1	982.23
77	5	1	13	56	51	111.81	112.80	113.00	-1	1	982.60
78	5	1	14	56	51	112.81	113.80	114.00	1	1	395.19
79	5	1	15	57	42	113.81	114.80	115.00	-1	1	982.42
80	5	1	16	57	42	114.81	115.80	116.00	1	1	480.99
81	6	2	1	61	71	121.82	122.80	123.00	-1	1	977.50
82	6	2	2	61	71	122.81	123.80	124.00	1	1	507.26
83	6	2	3	62	62	123.81	124.80	125.00	-1	1	983.52
84	6	2	4	62	17	124.81	125.80	126.00	-1	1	983.57
85	6	2	5	63	27	125.81	126.80	127.00	-1	1	984.04
86	6	2	6	63	8	126.81	127.80	128.00	-1	1	984.31
87	6	2	7	64	70	127.81	128.80	129.00	-1	1	984.51
88	6	2	8	64	24	128.81	129.80	130.00	-1	1	986.18
89	6	2	9	65	78	129.81	130.80	131.00	-1	1	986.27
90	6	2	10	65	16	130.81	131.80	132.00	-1	1	986.00
91	6	2	11	66	35	131.81	132.80	133.00	-1	1	985.61
92	6	2	12	66	5	132.81	133.80	134.00	-1	1	985.54
93	6	2	13	67	5	133.81	134.80	135.00	1	1	466.03
94	6	2	14	67	72	134.81	135.80	136.00	-1	1	985.49
95	6	2	15	68	50	135.81	136.80	137.00	-1	1	985.63
96	6	2	16	68	7	136.81	137.80	138.00	-1	1	985.78
97	7	3	1	72	33	143.82	144.80	145.00	-1	1	978.91
98	7	3	2	72	67	144.81	145.80	146.00	-1	1	987.87
99	7	3	3	73	5	145.81	146.80	147.00	-1	1	985.95
100	7	3	4	73	12	146.81	147.80	148.00	-1	1	986.02
101	7	3	5	74	1	147.81	148.80	149.00	-1	1	987.63
102	7	3	6	74	37	148.82	149.80	150.00	-1	1	977.97
103	7	3	7	75	25	149.81	150.80	151.00	-1	1	986.68
104	7	3	8	75	58	150.81	151.80	152.00	-1	1	987.11
105	7	3	9	76	19	151.82	152.80	153.00	-1	1	977.75
106	7	3	10	76	6	152.82	153.80	154.00	-1	1	977.96
107	7	3	11	77	6	153.82	154.80	155.00	1	1	429.76
108	7	3	12	77	35	154.82	155.80	156.00	-1	1	979.21
109	7	3	13	78	59	155.81	156.80	157.00	-1	1	980.62
110	7	3	14	78	2	156.82	157.80	158.00	-1	1	979.73
111	7	3	15	79	49	157.82	158.80	159.00	-1	1	979.97
112	7	3	16	79	49	158.82	159.80	160.00	1	1	497.36
113	8	4	1	83	33	165.82	166.80	167.00	-1	1	973.06
114	8	4	2	83	67	166.81	167.80	168.00	-1	1	980.59
115	8	4	3	84	51	167.81	168.80	169.00	-1	1	981.18
116	8	4	4	84	13	168.81	169.80	170.00	-1	1	980.51
117	8	4	5	85	66	169.81	170.80	171.00	-1	1	980.75
118	8	4	6	85	58	170.81	171.80	172.00	-1	1	981.19
119	8	4	7	86	45	171.81	172.80	173.00	-1	1	982.19
120	8	4	8	86	45	172.81	173.80	174.00	1	1	349.82
121	8	4	9	87	80	173.81	174.80	175.00	-1	1	981.70
122	8	4	10	87	71	174.81	175.80	176.00	-1	1	982.33
123	8	4	11	88	6	175.81	176.80	177.00	-1	1	982.27
124	8	4	12	88	6	176.81	177.80	178.00	1	1	573.38
125	8	4	13	89	9	177.81	178.80	179.00	-1	1	982.86
126	8	4	14	89	41	178.81	179.80	180.00	-1	1	981.99
127	8	4	15	90	52	179.81	180.80	181.00	-1	1	982.85
128	8	4	16	90	30	180.81	181.80	182.00	-1	1	982.33
129	9	1	1	94	72	187.82	188.80	189.00	-1	1	976.71
130	9	1	2	94	71	188.81	189.80	190.00	-1	1	982.72
131	9	1	3	95	27	189.81	190.80	191.00	-1	1	983.56
132	9	1	4	95	27	190.81	191.80	192.00	1	1	637.40
133	9	1	5	96	60	191.81	192.80	193.00	-1	1	983.44
134	9	1	6	96	29	192.81	193.80	194.00	-1	1	985.06
135	9	1	7	97	56	193.81	194.80	195.00	-1	1	984.88
136	9	1	8	97	3	194.81	195.80	196.00	-1	1	983.37
137	9	1	9	98	18	195.81	196.80	197.00	-1	1	982.78
138	9	1	10	98	18	196.81	197.80	198.00	1	1	421.93
139	9	1	11	99	62	197.81	198.80	199.00	-1	1	985.66
140	9	1	12	99	30	198.81	199.80	200.00	-1	1	984.98
141	9	1	13	100	1	199.81	200.80	201.00	-1	1	984.31
142	9	1	14	100	78	200.81	201.80	202.00	-1	1	984.59
143	9	1	15	101	79	201.81	202.80	203.00	-1	1	986.26
144	9	1	16	101	19	202.81	203.80	204.00	-1	1	984.10
145	10	2	1	105	32	209.82	210.80	211.00	-1	1	977.94
146	10	2	2	105	32	210.81	211.80	212.00	1	1	439.95
147	10	2	3	106	41	211.81	212.80	213.00	-1	1	985.96
148	10	2	4	106	51	212.81	213.80	214.00	-1	1	986.07
149	10	2	5	107	52	213.81	214.80	215.00	-1	1	987.38
150	10	2	6	107	22	214.81	215.80	216.00	-1	1	985.95
151	10	2	7	108	15	215.81	216.80	217.00	-1	1	986.16
152	10	2	8	108	77	216.81	217.80	218.00	-1	1	986.71
153	10	2	9	109	6	217.81	218.80	219.00	-1	1	987.25
154	10	2	10	109	2	218.81	219.80	220.00	-1	1	986.78
155	10	2	11	110	14	219.81	220.80	221.00	-1	1	987.04
156	10	2	12	110	54	220.81	221.80	222.00	-1	1	987.09
157	10	2	13	111	76	221.81	222.80	223.00	-1	1	987.41
158	10	2	14	111	26	222.81	223.80	224.00	-1	1	987.71
159	10	2	15	112	55	223.81	224.80	225.00	-1	1	987.93
160	10	2	16	112	55	224.81	225.80	226.00	1	1	985.59
161	11	3	1	116	39	231.82	232.80	233.00	-1	1	979.95
162	11	3	2	116	47	232.81	233.80	234.00	-1	1	987.49
163	11	3	3	117	47	233.81	234.80	235.00	1	1	452.82
164	11	3	4	117	71	234.81	235.80	236.00	-1	1	988.12
165	11	3	5	118	50	235.81	236.80	237.00	-1	1	987.45
166	11	3	6	118	34	236.82	237.80	238.00	-1	1	979.92
167	11	3	7	119	69	237.82	238.80	239.00	-1	1	980.10
168	11	3	8	119	66	238.81	239.80	240.00	-1	1	980.82
169	11	3	9	120	29	239.81	240.80	241.00	-1	1	988.05
170	11	3	10	120	16	240.81	241.80	242.00	-1	1	988.74
171	11	3	11	121	77	241.82	242.80	243.00	-1	1	980.40
172	11	3	12	121	42	242.81	243.80	244.00	-1	1	981.07
173	11	3	13	122	73	243.81	244.80	245.00	-1	1	982.47
174	11	3	14	122	28	244.81	245.80	246.00	-1	1	980.90
175	11	3	15	123	60	245.81	246.80	247.00	-1	1	982.35
176	11	3	16	123	60	246.81	247.80	248.00	1	1	375.94
177	12	4	1	127	53	253.82	254.80	255.00	-1	1	974.80
178	12	4	2	127	60	254.81	255.80	256.00	-1	1	982.21
179	12	4	3	128	62	255.81	256.80	257.00	-1	1	982.57
180	12	4	4	128	11	256.81	257.80	258.00	-1	1	982.13
181	12	4	5	129	5	257.81	258.80	259.00	-1	1	984.20
182	12	4	6	129	25	258.81	259.80	260.00	-1	1	982.18
183	12	4	7	130	69	259.81	260.80	261.00	-1	1	982.99
184	12	4	8	130	32	260.81	261.80	262.00	-1	1	982.63
185	12	4	9	131	78	261.81	262.80	263.00	-1	1	983.53
186	12	4	10	131	17	262.81	263.80	264.00	-1	1	983.80
187	12	4	11	132	17	263.81	264.80	265.00	1	1	437.82
188	12	4	12	132	48	264.81	265.80	266.00	-1	1	983.57
189	12	4	13	133	23	265.81	266.80	267.00	-1	1	983.39
190	12	4	14	133	2	266.81	267.80	268.00	-1	1	983.55
191	12	4	15	134	15	267.81	268.80	269.00	-1	1	985.25
192	12	4	16	134	15	268.81	269.80	270.00	1	1	349.19
