<><><><><><><><> 
FFA/LOC/PPA LOCALIZER 
Matlab version  9.6.0.1072779 (R2019a) 
Begin: 09-Mar-2020 16:28:18 
SubjID: 0811 
Run Number: 1 
TR: 2.000000 
Total Blocks: 15 
<><><><><><><><> 
<><><><><><><><> 
Script Start ::  09-Mar-2020 16:28:18 
Trial No.	Block	Face(1)/Object(2)/Scenes(3)/Scrambled(4)	Trial	TR	Stim No.	Presentation Time(s)	StimEndTime(s)	TrialEndTime(s)	Response	Correct?	RT(ms)	<><><><><><><><>
1	1	1	1	6	58	12.01	12.79	12.99	-1	1	781.01
2	1	1	2	6	78	12.83	13.79	13.99	-1	1	964.78
3	1	1	3	7	27	13.83	14.79	14.99	-1	1	965.01
4	1	1	4	7	80	14.83	15.79	15.99	-1	1	964.32
5	1	1	5	8	21	15.83	16.79	16.99	-1	1	964.28
6	1	1	6	8	16	16.83	17.79	17.99	-1	1	964.62
7	1	1	7	9	18	17.83	18.79	18.99	-1	1	965.50
8	1	1	8	9	18	18.83	19.79	19.99	1	1	422.95
9	1	1	9	10	10	19.83	20.79	20.99	-1	1	965.56
10	1	1	10	10	10	20.83	21.79	21.99	1	1	409.29
11	1	1	11	11	71	21.83	22.79	22.99	-1	1	965.48
12	1	1	12	11	66	22.83	23.79	23.99	-1	1	966.16
13	1	1	13	12	53	23.83	24.79	24.99	-1	1	965.81
14	1	1	14	12	26	24.83	25.79	25.99	-1	1	966.29
15	1	1	15	13	51	25.83	26.79	26.99	-1	1	965.72
16	1	1	16	13	24	26.83	27.79	27.99	-1	1	965.76
17	2	2	1	17	56	33.84	34.79	34.99	-1	1	951.41
18	2	2	2	17	30	34.82	35.79	35.99	-1	1	967.18
19	2	2	3	18	40	35.82	36.79	36.99	-1	1	966.35
20	2	2	4	18	34	36.82	37.79	37.99	-1	1	966.92
21	2	2	5	19	27	37.82	38.79	38.99	-1	1	967.56
22	2	2	6	19	78	38.82	39.79	39.99	-1	1	967.73
23	2	2	7	20	49	39.82	40.79	40.99	-1	1	968.02
24	2	2	8	20	49	40.82	41.79	41.99	1	1	403.49
25	2	2	9	21	21	41.82	42.79	42.99	-1	1	967.58
26	2	2	10	21	15	42.82	43.79	43.99	-1	1	968.30
27	2	2	11	22	66	43.82	44.79	44.99	-1	1	968.22
28	2	2	12	22	63	44.82	45.79	45.99	-1	1	968.07
29	2	2	13	23	5	45.82	46.79	46.99	-1	1	968.26
30	2	2	14	23	5	46.82	47.79	47.99	1	1	335.25
31	2	2	15	24	69	47.82	48.79	48.99	-1	1	968.37
32	2	2	16	24	75	48.82	49.79	49.99	-1	1	968.66
33	3	3	1	28	28	55.84	56.79	56.99	-1	1	953.82
34	3	3	2	28	45	56.82	57.79	57.99	-1	1	968.16
35	3	3	3	29	62	57.82	58.79	58.99	-1	1	969.44
36	3	3	4	29	25	58.82	59.79	59.99	-1	1	968.98
37	3	3	5	30	37	59.82	60.79	60.99	-1	1	970.02
38	3	3	6	30	29	60.82	61.79	61.99	-1	1	970.19
39	3	3	7	31	74	61.82	62.79	62.99	-1	1	969.58
40	3	3	8	31	12	62.82	63.79	63.99	-1	1	970.37
41	3	3	9	32	50	63.82	64.79	64.99	-1	1	970.22
42	3	3	10	32	66	64.82	65.79	65.99	-1	1	970.48
43	3	3	11	33	66	65.82	66.79	66.99	1	1	350.58
44	3	3	12	33	6	66.82	67.79	67.99	-1	1	970.74
45	3	3	13	34	80	67.82	68.79	68.99	-1	1	970.83
46	3	3	14	34	35	68.82	69.79	69.99	-1	1	971.49
47	3	3	15	35	18	69.82	70.79	70.99	-1	1	971.46
48	3	3	16	35	18	70.82	71.79	71.99	1	1	386.38
49	4	4	1	39	7	77.83	78.79	78.99	-1	1	957.07
50	4	4	2	39	11	78.82	79.79	79.99	-1	1	971.75
51	4	4	3	40	45	79.82	80.79	80.99	-1	1	971.59
52	4	4	4	40	49	80.82	81.79	81.99	-1	1	972.01
53	4	4	5	41	49	81.82	82.79	82.99	1	1	428.52
54	4	4	6	41	60	82.82	83.79	83.99	-1	1	972.95
55	4	4	7	42	39	83.82	84.79	84.99	-1	1	972.39
56	4	4	8	42	39	84.82	85.79	85.99	1	1	377.26
57	4	4	9	43	40	85.82	86.79	86.99	-1	1	972.63
58	4	4	10	43	41	86.82	87.79	87.99	-1	1	972.82
59	4	4	11	44	46	87.82	88.79	88.99	-1	1	973.17
60	4	4	12	44	20	88.82	89.79	89.99	-1	1	973.17
61	4	4	13	45	36	89.82	90.79	90.99	-1	1	973.48
62	4	4	14	45	68	90.82	91.79	91.99	-1	1	973.18
63	4	4	15	46	70	91.82	92.79	92.99	-1	1	973.56
64	4	4	16	46	30	92.82	93.79	93.99	-1	1	973.68
65	5	1	1	50	34	99.83	100.79	100.99	-1	1	957.66
66	5	1	2	50	17	100.82	101.79	101.99	-1	1	973.73
67	5	1	3	51	77	101.82	102.79	102.99	-1	1	974.05
68	5	1	4	51	20	102.82	103.79	103.99	-1	1	974.72
69	5	1	5	52	69	103.82	104.79	104.99	-1	1	974.69
70	5	1	6	52	46	104.82	105.79	105.99	-1	1	974.54
71	5	1	7	53	46	105.82	106.79	106.99	1	1	357.58
72	5	1	8	53	54	106.82	107.79	107.99	-1	1	975.06
73	5	1	9	54	50	107.82	108.79	108.99	-1	1	975.70
74	5	1	10	54	50	108.82	109.79	109.99	1	1	385.34
75	5	1	11	55	14	109.82	110.79	110.99	-1	1	975.45
76	5	1	12	55	76	110.82	111.79	111.99	-1	1	975.56
77	5	1	13	56	11	111.82	112.79	112.99	-1	1	975.96
78	5	1	14	56	15	112.82	113.79	113.99	-1	1	975.70
79	5	1	15	57	43	113.82	114.79	114.99	-1	1	976.30
80	5	1	16	57	7	114.82	115.79	115.99	-1	1	975.85
81	6	2	1	61	32	121.83	122.79	122.99	-1	1	960.67
82	6	2	2	61	51	122.81	123.79	123.99	-1	1	976.38
83	6	2	3	62	23	123.81	124.79	124.99	-1	1	976.75
84	6	2	4	62	50	124.81	125.79	125.99	-1	1	976.85
85	6	2	5	63	77	125.81	126.79	126.99	-1	1	977.23
86	6	2	6	63	24	126.81	127.79	127.99	-1	1	977.16
87	6	2	7	64	24	127.81	128.79	128.99	1	1	364.27
88	6	2	8	64	33	128.81	129.79	129.99	-1	1	977.87
89	6	2	9	65	18	129.81	130.79	130.99	-1	1	977.91
90	6	2	10	65	35	130.81	131.79	131.99	-1	1	977.84
91	6	2	11	66	60	131.81	132.79	132.99	-1	1	977.66
92	6	2	12	66	79	132.81	133.79	133.99	-1	1	978.21
93	6	2	13	67	38	133.81	134.79	134.99	-1	1	978.29
94	6	2	14	67	72	134.81	135.79	135.99	-1	1	978.46
95	6	2	15	68	73	135.81	136.79	136.99	-1	1	978.41
96	6	2	16	68	73	136.81	137.79	137.99	1	1	483.48
97	7	3	1	72	51	143.83	144.79	144.99	-1	1	963.29
98	7	3	2	72	20	144.81	145.79	145.99	-1	1	979.40
99	7	3	3	73	41	145.81	146.79	146.99	-1	1	979.45
100	7	3	4	73	13	146.81	147.79	147.99	-1	1	979.44
101	7	3	5	74	13	147.81	148.79	148.99	1	1	292.89
102	7	3	6	74	69	148.81	149.79	149.99	-1	1	980.36
103	7	3	7	75	39	149.83	150.79	150.99	-1	1	964.42
104	7	3	8	75	27	150.81	151.79	151.99	-1	1	980.33
105	7	3	9	76	59	151.81	152.79	152.99	-1	1	980.02
106	7	3	10	76	33	152.81	153.79	153.99	-1	1	980.57
107	7	3	11	77	54	153.83	154.79	154.99	-1	1	965.01
108	7	3	12	77	19	154.83	155.79	155.99	-1	1	963.58
109	7	3	13	78	16	155.81	156.79	156.99	-1	1	979.80
110	7	3	14	78	16	156.81	157.79	157.99	1	1	333.49
111	7	3	15	79	36	157.83	158.79	158.99	-1	1	965.19
112	7	3	16	79	71	158.83	159.79	159.99	-1	1	964.17
113	8	4	1	83	62	165.84	166.79	166.99	-1	1	949.73
114	8	4	2	83	10	166.83	167.79	167.99	-1	1	964.32
115	8	4	3	84	63	167.83	168.79	168.99	-1	1	965.00
116	8	4	4	84	14	168.83	169.79	169.99	-1	1	964.57
117	8	4	5	85	22	169.83	170.79	170.99	-1	1	964.96
118	8	4	6	85	3	170.83	171.79	171.99	-1	1	965.69
119	8	4	7	86	19	171.83	172.79	172.99	-1	1	966.10
120	8	4	8	86	19	172.83	173.79	173.99	1	1	345.21
121	8	4	9	87	69	173.82	174.79	174.99	-1	1	966.26
122	8	4	10	87	12	174.83	175.79	175.99	-1	1	966.41
123	8	4	11	88	32	175.83	176.79	176.99	-1	1	965.85
124	8	4	12	88	31	176.83	177.79	177.99	-1	1	966.45
125	8	4	13	89	79	177.82	178.79	178.99	-1	1	966.35
126	8	4	14	89	34	178.82	179.79	179.99	-1	1	966.48
127	8	4	15	90	52	179.82	180.79	180.99	-1	1	966.57
128	8	4	16	90	52	180.82	181.79	181.99	1	1	293.55
129	9	1	1	94	65	187.84	188.79	188.99	-1	1	952.96
130	9	1	2	94	9	188.82	189.79	189.99	-1	1	967.51
131	9	1	3	95	72	189.82	190.79	190.99	-1	1	967.58
132	9	1	4	95	74	190.82	191.79	191.99	-1	1	967.48
133	9	1	5	96	41	191.82	192.79	192.99	-1	1	967.63
134	9	1	6	96	64	192.82	193.79	193.99	-1	1	968.19
135	9	1	7	97	31	193.82	194.79	194.99	-1	1	968.41
136	9	1	8	97	31	194.82	195.79	195.99	1	1	333.09
137	9	1	9	98	47	195.82	196.79	196.99	-1	1	968.70
138	9	1	10	98	6	196.82	197.79	197.99	-1	1	968.67
139	9	1	11	99	63	197.82	198.79	198.99	-1	1	968.48
140	9	1	12	99	73	198.82	199.79	199.99	-1	1	969.03
141	9	1	13	100	3	199.82	200.79	200.99	-1	1	968.81
142	9	1	14	100	3	200.82	201.79	201.99	1	1	429.58
143	9	1	15	101	2	201.82	202.79	202.99	-1	1	968.49
144	9	1	16	101	68	202.82	203.79	203.99	-1	1	969.59
145	10	2	1	105	43	209.84	210.79	210.99	-1	1	954.13
146	10	2	2	105	19	210.82	211.79	211.99	-1	1	969.69
147	10	2	3	106	19	211.82	212.79	212.99	1	1	341.35
148	10	2	4	106	16	212.82	213.79	213.99	-1	1	970.36
149	10	2	5	107	64	213.82	214.79	214.99	-1	1	970.43
150	10	2	6	107	52	214.82	215.79	215.99	-1	1	970.46
151	10	2	7	108	20	215.82	216.79	216.99	-1	1	970.89
152	10	2	8	108	76	216.82	217.79	217.99	-1	1	970.93
153	10	2	9	109	65	217.82	218.79	218.99	-1	1	971.04
154	10	2	10	109	68	218.82	219.79	219.99	-1	1	971.28
155	10	2	11	110	9	219.82	220.79	220.99	-1	1	971.39
156	10	2	12	110	3	220.82	221.79	221.99	-1	1	970.90
157	10	2	13	111	1	221.82	222.79	222.99	-1	1	970.78
158	10	2	14	111	29	222.82	223.79	223.99	-1	1	971.61
159	10	2	15	112	13	223.82	224.79	224.99	-1	1	971.69
160	10	2	16	112	13	224.82	225.79	225.99	1	1	364.28
161	11	3	1	116	55	231.83	232.79	232.99	-1	1	956.80
162	11	3	2	116	55	232.82	233.79	233.99	1	1	382.58
163	11	3	3	117	76	233.82	234.79	234.99	-1	1	972.22
164	11	3	4	117	76	234.82	235.79	235.99	1	1	373.24
165	11	3	5	118	49	235.82	236.79	236.99	-1	1	972.64
166	11	3	6	118	61	236.82	237.79	237.99	-1	1	972.83
167	11	3	7	119	5	237.82	238.79	238.99	-1	1	972.98
168	11	3	8	119	43	238.82	239.79	239.99	-1	1	973.69
169	11	3	9	120	1	239.82	240.79	240.99	-1	1	973.25
170	11	3	10	120	9	240.82	241.79	241.99	-1	1	973.18
171	11	3	11	121	30	241.82	242.79	242.99	-1	1	973.27
172	11	3	12	121	8	242.82	243.79	243.99	-1	1	973.64
173	11	3	13	122	70	243.82	244.79	244.99	-1	1	973.88
174	11	3	14	122	4	244.82	245.79	245.99	-1	1	973.84
175	11	3	15	123	21	245.82	246.79	246.99	-1	1	974.04
176	11	3	16	123	67	246.82	247.79	247.99	-1	1	974.38
177	12	4	1	127	42	253.83	254.79	254.99	-1	1	959.52
178	12	4	2	127	73	254.82	255.79	255.99	-1	1	974.46
179	12	4	3	128	73	255.82	256.79	256.99	1	1	369.87
180	12	4	4	128	53	256.82	257.79	257.99	-1	1	975.49
181	12	4	5	129	51	257.82	258.79	258.99	-1	1	975.14
182	12	4	6	129	51	258.82	259.79	259.99	1	1	371.58
183	12	4	7	130	21	259.82	260.79	260.99	-1	1	975.65
184	12	4	8	130	56	260.82	261.79	261.99	-1	1	975.78
185	12	4	9	131	75	261.82	262.79	262.99	-1	1	975.17
186	12	4	10	131	29	262.82	263.79	263.99	-1	1	976.18
187	12	4	11	132	17	263.82	264.79	264.99	-1	1	976.07
188	12	4	12	132	59	264.82	265.79	265.99	-1	1	976.50
189	12	4	13	133	76	265.82	266.79	266.99	-1	1	976.28
190	12	4	14	133	43	266.81	267.79	267.99	-1	1	976.46
191	12	4	15	134	1	267.81	268.79	268.99	-1	1	976.61
192	12	4	16	134	25	268.81	269.79	269.99	-1	1	976.36
